7.365232854448734543e+03
5.442332702415298627e+03
4.338421091208638245e+03
3.522738811573975454e+03
2.925705533563759673e+03
2.500375632358019175e+03
2.206975436799697491e+03
2.011948921739653542e+03
1.887804033126486502e+03
1.812105679469731058e+03
1.768375121410570728e+03
1.744216577126747325e+03
1.731632037565446353e+03
1.725455672236068494e+03
1.722611484791089197e+03
1.721369960259321488e+03
1.720903825584361357e+03
1.720728527500352811e+03
1.720676711603459580e+03
1.720664323342034550e+03
1.720665862953512033e+03
1.720653218567658314e+03
1.720651103507671905e+03
1.720661128673297981e+03
1.720673562158669483e+03
1.720661805866648365e+03
1.720657944867707556e+03
1.722635527274341484e+03
1.720095126293744670e+03
1.720695041264772499e+03
1.720828432186638111e+03
1.720630581750217971e+03
1.720704271513801359e+03
1.720697063816302489e+03
1.720688546892786007e+03
1.720687658211511916e+03
1.720697477628064462e+03
1.720689034179904411e+03
1.720669810080392381e+03
1.720708894496473476e+03
1.720742640010590549e+03
1.720695549998019033e+03
1.720675353710185618e+03
1.720662463900373496e+03
1.720754601382905548e+03
1.720720369349862494e+03
1.720688685366268373e+03
1.720669058263915304e+03
1.720673459049156236e+03
1.720720916637336813e+03
1.720681407211957776e+03
1.720701586373616465e+03
1.720727477155219276e+03
1.720729004077963737e+03
1.720669109000772778e+03
1.720773876544627228e+03
1.720743177085622847e+03
1.720804047279304314e+03
1.720726563268192422e+03
1.720703256550712240e+03
1.720689943972916808e+03
1.720762734788558646e+03
1.720757322519688842e+03
1.720784443882468850e+03
1.720745714470751864e+03
1.720709168415856084e+03
1.720749908467600108e+03
1.720826260135803523e+03
1.720727126994986975e+03
1.720731765639749256e+03
1.720713257766806009e+03
1.720737976584840908e+03
1.720783222763616095e+03
1.720759328243283562e+03
1.720700587425082176e+03
1.720763550880157027e+03
1.720713679251455915e+03
1.720697686377607397e+03
1.720708116498187337e+03
1.720640479278395105e+03
1.720793462038057896e+03
1.720805595810852765e+03
1.720650957560128063e+03
1.720733247492185683e+03
1.720766070154017370e+03
1.720728117231314172e+03
1.720720628845300780e+03
1.720758170803073199e+03
1.720699699249911419e+03
1.720717762276114399e+03
1.720951493422319800e+03
1.720926897063212664e+03
1.720780002789713762e+03
1.720769072223329204e+03
1.720789856874343513e+03
1.720631697066364950e+03
1.722191318242248144e+03
1.720966983762687278e+03
1.712012275734775358e+03
1.528179687500000000e+03
1.350276626131646935e+03
1.228879273292393009e+03
1.105951330664915758e+03
1.045253562045519175e+03
9.863848166013527816e+02
9.535413468063579785e+02
9.261438612505465926e+02
8.934296806495301553e+02
8.817328330071256914e+02
8.685653684399611620e+02
8.566898253007266248e+02
8.494261328291290738e+02
8.329828112220891398e+02
8.324048462140001448e+02
8.157551166322323297e+02
8.148879457703789058e+02
8.014489387935277591e+02
7.966097271439765564e+02
7.903262158833946387e+02
7.904403928955963465e+02
7.829795516094519598e+02
7.729224202269107309e+02
7.731882918257517758e+02
7.600621830527978773e+02
7.507364592961346261e+02
7.560747520382949460e+02
7.530845869632991025e+02
7.441063731566271144e+02
7.445934508432331995e+02
7.302977688869082158e+02
7.399100989473556638e+02
7.360056970559174943e+02
7.250492742505549586e+02
7.239035863511310254e+02
7.163906545076308703e+02
7.128706411535525831e+02
7.126417493898562725e+02
7.108489824485538975e+02
7.174024495075180994e+02
7.078124783911958957e+02
7.012529036051040521e+02
6.998478499248942626e+02
7.009315513158396698e+02
6.946433155220513527e+02
6.924013083529894175e+02
6.848740319870310032e+02
6.776786748414884869e+02
6.844314890109063754e+02
6.709117583607182951e+02
6.786217273506836136e+02
6.717450901742354290e+02
6.697976834232293868e+02
6.714569802329781396e+02
6.760794020251940992e+02
6.627174352565524487e+02
6.623893571931163251e+02
6.614853766823958949e+02
6.617910117704809636e+02
6.521851503159385857e+02
6.476241088333971447e+02
6.473018335517650712e+02
6.436979979564994210e+02
6.499248475300495329e+02
6.429607984390761430e+02
6.435494334516795334e+02
6.395045244823141957e+02
6.367018625297949939e+02
6.341623086712561417e+02
6.316071819458776417e+02
6.299363843313883535e+02
6.275330299427712362e+02
6.213767827037456755e+02
6.219296024881990661e+02
6.202173166882942041e+02
6.187667479212528860e+02
6.136246031110676995e+02
6.187728251240242798e+02
6.119334239613747286e+02
6.098058641608395192e+02
6.073728639728763028e+02
6.147988863359189509e+02
6.106223459806503797e+02
6.014722998854832667e+02
6.019599099475908588e+02
6.005879829436674981e+02
5.930666629031258026e+02
5.957526389718135533e+02
5.965530684031890587e+02
5.981114932231320154e+02
5.909852260308023233e+02
5.939421475648332489e+02
5.872509577146702213e+02
5.830609280114665580e+02
5.855751104633751538e+02
5.865696993377565605e+02
5.761232342145652865e+02
5.780542547861829235e+02
5.746149171205208859e+02
5.791484166865011503e+02
5.808907523708410281e+02
5.533622097540404638e+02
5.523348520596031221e+02
5.437808453246726685e+02
5.426036772455811388e+02
5.446276010270605639e+02
5.441992388876559517e+02
5.427630291392944173e+02
5.418550822918069798e+02
5.393885923579842938e+02
5.399326241951278007e+02
5.372785767721164802e+02
5.321809639066838145e+02
5.311719915161436347e+02
5.374612791673788479e+02
5.324152882447051525e+02
5.340343634404492832e+02
5.315568194105596831e+02
5.268090395942973601e+02
5.264953740619085920e+02
5.333759524134998173e+02
5.337207297526365437e+02
5.317054415504222789e+02
5.296538952684605874e+02
5.313557245182960287e+02
5.255767987440603974e+02
5.317811985994887891e+02
5.301493115885901943e+02
5.257764182136864974e+02
5.273376478636433831e+02
5.264121814392450460e+02
5.210967187386690966e+02
5.210815931957026805e+02
5.240208285800844124e+02
5.272795886998677588e+02
5.243399288869443353e+02
5.225428578554710839e+02
5.252208300379272714e+02
5.196415456953849343e+02
5.256876912428151627e+02
5.271530531896886487e+02
5.240615273695952965e+02
5.235000937160612011e+02
5.161532537434086407e+02
5.212395356052508077e+02
5.216028936558833493e+02
5.224036193726253714e+02
5.174277829883099002e+02
5.181969046512357409e+02
5.268935338146837921e+02
5.204678620209291466e+02
