4.356939697265625000e+01
6.092114639282226562e+01
3.359248733520507812e+01
1.227711334228515625e+02
1.207895278930664062e+02
1.153460769653320312e+02
5.808965301513671875e+01
5.217829895019531250e+01
7.314201354980468750e+01
7.257039642333984375e+01
7.714211273193359375e+01
1.106377563476562500e+02
1.184060668945312500e+02
2.878501129150390625e+01
1.188087387084960938e+02
7.357179260253906250e+01
1.161792221069335938e+02
1.117796249389648438e+02
1.188180007934570312e+02
6.611449432373046875e+01
9.006483078002929688e+00
1.211042556762695312e+02
8.215438842773437500e+01
9.390640258789062500e+00
6.548691558837890625e+01
1.236976432800292969e+01
1.117223892211914062e+02
1.217660446166992188e+02
1.166823043823242188e+02
7.750342559814453125e+01
8.908618164062500000e+01
5.275862121582031250e+01
7.911714172363281250e+01
1.095875930786132812e+02
1.059948043823242188e+02
1.198743820190429688e+02
1.253747329711914062e+02
2.682961273193359375e+01
5.321548461914062500e+00
4.088051605224609375e+01
1.203856124877929688e+02
1.088080062866210938e+02
1.102552108764648438e+02
8.049460601806640625e+01
1.255815582275390625e+02
4.408699989318847656e+00
1.206060028076171875e+02
5.683221054077148438e+01
1.160589752197265625e+02
1.167575740814208984e+01
9.191556549072265625e+01
1.239752807617187500e+02
1.125677413940429688e+02
1.258674240112304688e+02
5.867261505126953125e+01
9.219784545898437500e+01
7.426661682128906250e+01
3.875122451782226562e+01
4.838127136230468750e+01
1.186266403198242188e+02
1.261828689575195312e+02
5.510078048706054688e+01
1.216295471191406250e+02
3.180513191223144531e+01
1.263746414184570312e+02
1.079917831420898438e+02
1.139816894531250000e+02
1.062790145874023438e+02
1.092300949096679688e+02
7.834657287597656250e+01
2.892856025695800781e+01
5.039786911010742188e+01
1.227987518310546875e+02
1.254665908813476562e+02
4.143711090087890625e+01
2.297517013549804688e+01
7.368186187744140625e+01
2.579071617126464844e+01
2.180417823791503906e+01
1.236092071533203125e+02
1.411531734466552734e+01
3.371438980102539062e+00
1.229102859497070312e+02
1.030700912475585938e+02
8.733078002929687500e+01
1.554464340209960938e+01
6.199671173095703125e+01
1.266750411987304688e+02
4.616614532470703125e+01
5.295317459106445312e+01
1.033192749023437500e+02
5.128666877746582031e+00
7.099967193603515625e+01
4.702700614929199219e+00
1.110574111938476562e+02
9.101019287109375000e+01
1.272313537597656250e+02
1.973015213012695312e+01
4.473696708679199219e+00
2.017642402648925781e+01
