8.012384770995646250e+03
6.628554277540673866e+03
5.993056781783484439e+03
5.445657251804536827e+03
4.957090767859188418e+03
4.513507426171517182e+03
4.101129231532137965e+03
3.707489563536534661e+03
3.352125945815550494e+03
3.035918608617738755e+03
2.743966483766326746e+03
2.482508518650463884e+03
2.245034766162064443e+03
2.028007966771811880e+03
1.832007813037064579e+03
1.657970945967718762e+03
1.498827346122035351e+03
1.355939827861838239e+03
1.224518412320620428e+03
1.109822250229147585e+03
1.002486050048604397e+03
9.100263013523286872e+02
8.282703325280348281e+02
7.478039688627835631e+02
6.802779147392013783e+02
6.184075656516741901e+02
5.652304637821522419e+02
5.190159905955509885e+02
4.743492770550777777e+02
4.395875689904259502e+02
4.010029497043459514e+02
3.712099638689776953e+02
3.475789433354308926e+02
3.220981546068060197e+02
3.014404462302091474e+02
2.877947097288808322e+02
2.731584299341021733e+02
2.560949572932927936e+02
2.438727485803592003e+02
2.313797972150290434e+02
2.223022242531221480e+02
2.124097342402862978e+02
2.049759680533824451e+02
2.000703226147170142e+02
1.921417174565693813e+02
1.938617403612565226e+02
1.807817855960835516e+02
1.791435900050931593e+02
1.724004110670220768e+02
1.719208453995715900e+02
1.740056720960916152e+02
1.661502376986467766e+02
1.625856703439182809e+02
1.610115198458803434e+02
1.629244661353904178e+02
1.583864607212196063e+02
1.595915777582296187e+02
1.560075081745710577e+02
1.553140274229670297e+02
1.521028957657154024e+02
1.535342411618184713e+02
1.476178704895523026e+02
1.508359543112414656e+02
1.506412795139386276e+02
1.479747004158446657e+02
1.494597981425843898e+02
1.520136313517961355e+02
1.443450251424563930e+02
1.444848992701739405e+02
1.436396334304599804e+02
1.446890226858892561e+02
1.436767467830948135e+02
1.405408774273642507e+02
1.407671580173901589e+02
1.426058708155952957e+02
1.419005080771162000e+02
1.399151827160968935e+02
1.397198294775077443e+02
1.407455133272025876e+02
1.397274004746532228e+02
1.406300327066759053e+02
1.426595212661924847e+02
1.409006483936397274e+02
1.381482043943746021e+02
1.377777381596272335e+02
1.397752538497463206e+02
1.369568541781165720e+02
1.372463502487056815e+02
1.402621892102151548e+02
1.387904356427634127e+02
1.379523196128614586e+02
1.369827747376439220e+02
1.366160418320750978e+02
1.391407031512937920e+02
1.345944146454388886e+02
1.331040848072027529e+02
1.345520721407574740e+02
1.384034848668616746e+02
1.352829123436694374e+02
1.359726835899458024e+02
1.348040423063702917e+02
1.351804014490898567e+02
1.338230401728810932e+02
1.308829777312868714e+02
1.335665196321733958e+02
1.339161099245961282e+02
1.330141298736376427e+02
1.346502945575661556e+02
1.340125347329759506e+02
1.408525311100275417e+02
1.332973648309051953e+02
1.310932538445994453e+02
1.328085133665313720e+02
1.314807124095046049e+02
1.307510963195185525e+02
1.329011629574895323e+02
1.302040290475875111e+02
1.293005639066617505e+02
1.328531889694311872e+02
1.422584347830684237e+02
1.313837231490067836e+02
1.306657329220164172e+02
1.287037114326064398e+02
1.319215857543385937e+02
1.329205267719999597e+02
1.319048693970733552e+02
1.286123093140879234e+02
1.304578347336360764e+02
1.323347320570626664e+02
1.312461015262481396e+02
1.317909187156054998e+02
1.302415477427509813e+02
1.293169589678155091e+02
1.295644741404504430e+02
1.301053282810284486e+02
1.272625076447791912e+02
1.311151292515937428e+02
1.276539161157651705e+02
1.268927631605447317e+02
1.275037808258308445e+02
1.281496420967808376e+02
1.305555963098401833e+02
1.289611659706458511e+02
1.298980636414860896e+02
1.282836699236652294e+02
1.264093017326376014e+02
1.286187446685147791e+02
1.304373211630760920e+02
1.282595084102081557e+02
1.276208148064687578e+02
1.274209375341259829e+02
1.277953026650041579e+02
1.271196144502606558e+02
1.266038068217164749e+02
1.290972003548654357e+02
1.270382811548948041e+02
1.291306021014667351e+02
1.267644560075265190e+02
1.267791242562773846e+02
1.277329424542532763e+02
1.277864057084598386e+02
1.246016146735900207e+02
1.249391515002788253e+02
1.225840136366301323e+02
1.237244629074082667e+02
1.229858262157352726e+02
1.214078094846059344e+02
1.237255101512485851e+02
1.269758845006731178e+02
1.266589728728660589e+02
1.227899214243692114e+02
1.244374935412385099e+02
1.261285336893922562e+02
1.229421583642443920e+02
1.238214167705924069e+02
1.241270381937979721e+02
1.262848980058343074e+02
1.225711761334748786e+02
1.248490124080948220e+02
1.235026300641836912e+02
1.232924090950998277e+02
1.216404027587443011e+02
1.226541669808867709e+02
1.201435021782445887e+02
1.230102300348465434e+02
1.279554491387497563e+02
1.226657289471788062e+02
1.225537440760653567e+02
1.214942985499702814e+02
1.213718617160423037e+02
1.217014389779346999e+02
1.221976093939091470e+02
1.234567367246017682e+02
1.227425600074607246e+02
1.226128054848731210e+02
1.219381119627563521e+02
1.200145778512648747e+02
1.211031123426176919e+02
1.234693170842940759e+02
1.223361019312843752e+02
1.157796933159585819e+02
1.159210265866952909e+02
1.151091122506246904e+02
1.137651599962576512e+02
1.131732213676395702e+02
1.153096489820526642e+02
1.140111375298967431e+02
1.154508428768661901e+02
1.144680305343702003e+02
1.151796211666965917e+02
1.131249555732199497e+02
1.147990837559033679e+02
1.160414714034323396e+02
1.119503617699295148e+02
1.146498644686779187e+02
1.134919101029595794e+02
1.129540248625304031e+02
1.144751036323220177e+02
1.127561149615433891e+02
1.150582326451570339e+02
1.154367955990191206e+02
1.139216247022098969e+02
1.134865186067504652e+02
1.129880889661906167e+02
1.135312332966412612e+02
1.132720736988886188e+02
1.143342095890484842e+02
1.130120276875074836e+02
1.128059191047203456e+02
1.157979269128824598e+02
1.127567822452250113e+02
1.120941597192050523e+02
1.143775318505067844e+02
1.154092277413607093e+02
1.121840723873905290e+02
1.105008741400050809e+02
1.137908371898542299e+02
1.115370213397510355e+02
1.144542263173740650e+02
1.124633472034776105e+02
1.129701677705057818e+02
1.125363401760928781e+02
1.126939602731900010e+02
1.128641910575158533e+02
1.133479862715446274e+02
1.143647757157784213e+02
1.144639257254503661e+02
1.109591253948518244e+02
1.112235643749679355e+02
1.123635561660128843e+02
