7.204746187875842224e+03
5.715043077691437247e+03
5.195123776006050321e+03
4.761262258940908396e+03
4.375908791287592976e+03
4.024897424022435189e+03
3.703344344124630879e+03
3.407314161852607867e+03
3.136414067264122423e+03
2.888295791437511525e+03
2.661231466682205792e+03
2.450912513223882343e+03
2.258836862662299609e+03
2.082058232124186361e+03
1.918028299431598953e+03
1.767103021863632193e+03
1.626900160597743707e+03
1.497596687838831031e+03
1.383701257470860128e+03
1.276930366373688685e+03
1.178398062607619522e+03
1.086724931249306110e+03
1.005615118597184619e+03
9.295745417223949971e+02
8.616662660099300410e+02
8.004896194383138663e+02
7.433135277458363817e+02
6.909488082437384264e+02
6.449904822126391082e+02
6.013937551489699445e+02
5.646340130864111870e+02
5.328179839163636871e+02
4.969908561583911819e+02
4.710353404122502639e+02
4.449608493998775316e+02
4.218502452493850114e+02
4.003882497320938114e+02
3.795038653212307622e+02
3.622620412645710530e+02
3.464587018219161223e+02
3.362611882818255253e+02
3.246518955111308742e+02
3.029226085165216205e+02
2.969577310940892971e+02
2.862036170729269884e+02
2.737323972480321572e+02
2.661297760672405275e+02
2.611824039000759399e+02
2.532159589815110223e+02
2.518616795444386298e+02
2.463658617409169267e+02
2.390180605457597096e+02
2.313719050225775220e+02
2.248441162505237685e+02
2.231212065545417147e+02
2.211121361377335859e+02
2.210000986765433026e+02
2.145508555413959755e+02
2.132417796795813558e+02
2.077908450124442652e+02
2.046190723619057223e+02
2.008373421493718638e+02
2.012045883652885720e+02
1.998497858205077478e+02
2.028358054728779791e+02
1.962069265107321598e+02
1.992412460264326626e+02
1.934344625775835880e+02
2.028480049018414491e+02
1.946968148001142254e+02
1.954898762809706625e+02
1.920864211660063177e+02
1.871870393146886897e+02
1.871522560620911690e+02
1.885491203500443191e+02
1.870960573430163834e+02
1.823996931707171143e+02
1.886072847730892477e+02
1.841858271501517663e+02
1.864766303250635247e+02
1.853901402109481751e+02
1.857504746437772098e+02
1.833732435594227184e+02
1.844059032904678759e+02
1.819702889148397276e+02
1.793516970004038171e+02
1.844988051897431660e+02
1.805816405179449475e+02
1.772750294595918206e+02
1.761625511432337987e+02
1.765740584462274398e+02
1.807313481350718405e+02
1.806261262046551792e+02
1.800526674509546012e+02
1.770003980236753875e+02
1.795865772288836979e+02
1.766053899139271834e+02
1.784300800513027241e+02
1.802066648660876638e+02
1.789494669748962110e+02
1.838134428969521821e+02
1.782954472528954284e+02
1.753152327319973551e+02
1.759345408912896573e+02
1.741989289336946456e+02
1.764827903234227904e+02
1.720583944459983741e+02
1.718325625374382923e+02
1.734642370438173771e+02
1.733097132619924707e+02
1.703336696881851537e+02
1.710053714035556425e+02
1.748184977488350853e+02
1.711881719305997933e+02
1.738807772033529488e+02
1.730941439041207275e+02
1.726148657897463750e+02
1.724573824000798368e+02
1.736510426204664839e+02
1.762356947961847879e+02
1.711203670035924915e+02
1.743951447968636046e+02
1.728173673377075374e+02
1.724815368325326688e+02
1.695571789639592168e+02
1.702671101033186574e+02
1.676166843325883065e+02
1.706240701114430180e+02
1.727200718038975253e+02
1.753768601626499049e+02
1.766732169309382243e+02
1.726397951511311817e+02
1.737373924847013882e+02
1.684440130029701663e+02
1.707578492980271960e+02
1.717034844382416736e+02
1.683255722461554456e+02
1.699142419859060169e+02
1.668886656117623488e+02
1.680337878461685648e+02
1.750969092620958065e+02
1.700280207459222481e+02
1.685334169838434093e+02
1.678903961319332154e+02
1.697647672453868495e+02
1.655965292226386794e+02
1.714016560718066842e+02
1.760490860640246353e+02
1.694041437363437694e+02
1.662541530910976348e+02
1.667377941907612069e+02
1.657062329229959801e+02
1.659919733967543607e+02
1.710065869329262114e+02
1.656376958710107488e+02
1.679011689729815942e+02
1.665637805911397606e+02
1.674850698854776567e+02
1.686734192632901284e+02
1.696542301721214017e+02
1.641646481325135483e+02
1.657544123321665666e+02
1.650000404761087793e+02
1.653253029828735521e+02
1.666870997896130575e+02
1.646894235996605289e+02
1.648149456884526103e+02
1.643869470079217763e+02
1.652318039977417925e+02
1.645233282384301674e+02
1.653781357633368998e+02
1.687891954668658343e+02
1.645148877881853480e+02
1.640136469890002218e+02
1.632347467934632732e+02
1.659313473844815974e+02
1.628244808025552572e+02
1.640133233797825199e+02
1.636510669763543717e+02
1.635997345683256015e+02
1.647535402094556218e+02
1.619848206330593428e+02
1.655153928359452777e+02
1.635817419311048297e+02
1.631893517247486614e+02
1.626665811055162862e+02
1.644258621617707092e+02
1.642549430456038237e+02
1.631235949272270602e+02
1.621714283944951092e+02
1.638222515365878564e+02
1.625359568966738664e+02
1.625208967614514108e+02
1.639234712684721273e+02
1.628315663607980639e+02
1.639146744530856097e+02
1.606033910564491123e+02
1.657832229689127530e+02
1.598808209900793997e+02
1.589208243328479853e+02
1.523616113136870069e+02
1.550910573182698897e+02
1.509122303149366928e+02
1.504016028644360290e+02
1.508856246110736379e+02
1.515445244849576056e+02
1.496262273068319359e+02
1.543430997808530094e+02
1.526816283257403484e+02
1.522600156923909651e+02
1.510753858527588136e+02
1.516795206064326464e+02
1.480018407964718392e+02
1.501006023125351874e+02
1.481332036498540390e+02
1.494842282014319039e+02
1.500947234578200380e+02
1.501332156035783498e+02
1.499925177913190169e+02
1.498712493667840135e+02
1.499598867514486926e+02
1.455347386609124101e+02
1.526318777369995132e+02
1.480408287199270774e+02
1.512286229888661637e+02
1.522238569403349118e+02
1.510161959759483921e+02
1.498011904023735212e+02
1.494441763733922244e+02
1.502313403314146854e+02
1.513835515043873841e+02
1.485845039239866310e+02
1.516531731825262739e+02
1.510805408520493529e+02
1.495782845397019116e+02
1.494158869098760078e+02
1.491949874411649546e+02
1.491506043321828088e+02
1.481351627196032439e+02
1.471165782788133072e+02
1.478478299502281175e+02
1.492763386904686627e+02
1.501109166971028799e+02
1.487970723250827803e+02
1.499541443061202415e+02
1.461080035959412839e+02
1.458950046706615069e+02
1.499237863344920925e+02
1.480604246556834198e+02
1.497107765242069775e+02
