1.098323440551757812e+02
1.215474472045898438e+02
4.325263595581054688e+01
8.754306793212890625e+01
1.034232025146484375e+02
1.000504455566406250e+02
1.176199951171875000e+02
9.097073364257812500e+01
1.210739212036132812e+02
9.014051818847656250e+01
8.034276580810546875e+01
1.120286483764648438e+02
8.609563446044921875e+01
9.554196166992187500e+01
1.002252044677734375e+02
9.875069427490234375e+01
4.621748352050781250e+01
2.242312240600585938e+01
1.011633377075195312e+02
1.370592880249023438e+01
6.860308837890625000e+01
1.242722854614257812e+02
1.241518249511718750e+02
2.126707649230957031e+01
1.168488693237304688e+02
1.195145339965820312e+02
1.030120315551757812e+02
9.467546844482421875e+01
1.014442138671875000e+02
1.107189025878906250e+02
8.900763511657714844e+00
4.227189254760742188e+01
1.196664581298828125e+02
5.845629692077636719e+00
8.468855857849121094e+00
1.891678237915039062e+01
2.296056365966796875e+01
4.736932373046875000e+01
1.243966445922851562e+02
2.494947433471679688e+01
1.934394645690917969e+01
1.129056072235107422e+01
6.704219055175781250e+01
1.120437316894531250e+02
8.672499847412109375e+01
4.136276626586914062e+01
1.130607299804687500e+02
9.885925292968750000e+01
1.102949237823486328e+01
1.026415405273437500e+02
1.104817504882812500e+02
2.757082176208496094e+01
3.323979568481445312e+01
1.206723480224609375e+02
1.172399597167968750e+02
7.734222888946533203e+00
1.083967132568359375e+02
3.488739013671875000e+01
1.032881317138671875e+02
1.151506958007812500e+02
2.244099044799804688e+01
4.253259277343750000e+01
7.865249633789062500e+01
2.367970085144042969e+01
1.259220428466796875e+02
1.985449981689453125e+01
1.138805847167968750e+02
6.104229927062988281e+00
1.194047164916992188e+02
9.985111999511718750e+01
1.186504821777343750e+02
6.126716232299804688e+01
1.134745407104492188e+02
1.086822814941406250e+02
1.158830947875976562e+02
5.958507061004638672e+00
2.991195678710937500e+01
1.158532714843750000e+02
8.280965423583984375e+01
1.089846572875976562e+02
1.106419754028320312e+01
8.758757591247558594e+00
1.247263183593750000e+02
7.179899597167968750e+01
1.266256713867187500e+02
1.138894500732421875e+02
1.197918243408203125e+02
1.181278610229492188e+02
1.185018463134765625e+02
3.047516822814941406e+01
1.607863235473632812e+01
2.089557456970214844e+01
5.441894149780273438e+01
7.109168243408203125e+01
1.159359283447265625e+02
1.140639877319335938e+02
9.047659301757812500e+01
6.918650054931640625e+01
1.238541030883789062e+02
2.129444122314453125e+01
