1.985365104675292969e+01
9.083871459960937500e+01
9.193375396728515625e+01
7.634289550781250000e+01
1.569217491149902344e+01
1.144781341552734375e+02
3.462181091308593750e+01
6.430977630615234375e+01
1.617070198059082031e+01
8.293178558349609375e+01
4.697142791748046875e+01
1.063746337890625000e+02
8.329669952392578125e+01
2.790848159790039062e+01
5.716297912597656250e+01
1.072380065917968750e+02
9.150553131103515625e+01
1.029819793701171875e+02
2.021600914001464844e+01
9.274346923828125000e+01
6.380418395996093750e+01
2.433558654785156250e+01
9.186783599853515625e+01
7.767394256591796875e+01
8.505437469482421875e+01
1.121565170288085938e+02
9.086002349853515625e+01
1.036344757080078125e+02
8.586080932617187500e+01
1.201955108642578125e+02
4.963655471801757812e+01
5.864499282836914062e+01
1.055969390869140625e+02
9.423345947265625000e+01
9.906702423095703125e+01
9.303971862792968750e+01
6.461576080322265625e+01
3.419641494750976562e+01
2.753046607971191406e+01
6.429606628417968750e+01
6.134639739990234375e+01
5.473704147338867188e+01
1.351369094848632812e+01
9.105165481567382812e+00
1.087181854248046875e+02
8.532670593261718750e+01
6.752239990234375000e+01
9.952074432373046875e+01
2.856616783142089844e+01
1.102001876831054688e+02
4.449255371093750000e+01
6.416287231445312500e+01
1.061325073242187500e+02
8.594427490234375000e+01
1.254566955566406250e+02
1.033804855346679688e+02
2.000922393798828125e+01
9.271651458740234375e+01
1.013405380249023438e+02
3.197086524963378906e+01
8.169622802734375000e+01
2.825686454772949219e+01
3.602731323242187500e+01
1.130127792358398438e+02
1.035675659179687500e+02
4.101324081420898438e+01
1.027546920776367188e+02
1.219959640502929688e+01
1.064349441528320312e+02
9.894876098632812500e+01
9.167624664306640625e+01
1.129085006713867188e+02
9.471416473388671875e+01
4.339241027832031250e+01
9.645445251464843750e+01
7.040482330322265625e+01
1.126287918090820312e+02
1.773475170135498047e+00
1.094458084106445312e+02
1.085674591064453125e+02
3.814361190795898438e+01
5.743880081176757812e+01
8.955976867675781250e+01
7.212886810302734375e+01
8.185957336425781250e+01
8.811708831787109375e+01
1.811013412475585938e+01
4.345950698852539062e+01
7.876749420166015625e+01
9.939062500000000000e+01
9.209780883789062500e+01
6.442277526855468750e+01
3.955379486083984375e+01
3.538876724243164062e+01
6.731247711181640625e+01
5.534172439575195312e+01
3.800930404663085938e+01
1.165976104736328125e+02
2.591874313354492188e+01
6.643979549407958984e+00
8.656914520263671875e+01
9.809435272216796875e+01
9.498143768310546875e+01
4.599990081787109375e+01
1.077943496704101562e+02
5.957833480834960938e+01
8.783930206298828125e+01
5.896179962158203125e+01
7.327824401855468750e+01
1.114389801025390625e+02
8.981932830810546875e+01
7.360635375976562500e+01
8.778940200805664062e+00
1.002896575927734375e+02
1.074623794555664062e+02
9.551062774658203125e+01
7.038039398193359375e+01
9.162477874755859375e+01
9.234654235839843750e+01
2.556377220153808594e+01
8.342668914794921875e+01
9.228859710693359375e+01
7.668122100830078125e+01
1.027617340087890625e+02
8.750968170166015625e+01
8.137327575683593750e+01
9.629834747314453125e+01
8.605838012695312500e+01
3.144328308105468750e+01
1.799195289611816406e+01
1.136183776855468750e+02
8.055697631835937500e+01
7.080617523193359375e+01
1.291696929931640625e+01
8.162152099609375000e+01
3.184282684326171875e+01
8.993190002441406250e+01
4.699553298950195312e+01
9.125844573974609375e+01
8.891210174560546875e+01
1.097506637573242188e+02
6.126643371582031250e+01
9.280398559570312500e+01
2.231152915954589844e+01
8.674307250976562500e+01
5.940283203125000000e+01
9.264514923095703125e+01
1.141515579223632812e+02
1.064396133422851562e+02
1.066035156250000000e+02
1.114250411987304688e+02
1.239311752319335938e+02
1.116065826416015625e+02
4.782046127319335938e+01
7.354979038238525391e+00
7.118954467773437500e+01
2.436522102355957031e+01
7.611959075927734375e+01
9.521875000000000000e+01
6.233926773071289062e+01
1.102580032348632812e+02
1.039798583984375000e+02
1.070009918212890625e+02
9.436113739013671875e+01
5.250399017333984375e+01
1.072471542358398438e+02
3.658852767944335938e+01
8.944925689697265625e+01
1.375234031677246094e+01
1.027702484130859375e+02
1.196433105468750000e+02
6.977066040039062500e+01
1.481363487243652344e+01
7.946736907958984375e+01
3.647056961059570312e+01
9.788809967041015625e+01
9.148178863525390625e+01
4.862699890136718750e+01
6.406400299072265625e+01
1.151484527587890625e+02
1.908817481994628906e+01
2.322751235961914062e+01
1.107369613647460938e+02
9.732512664794921875e+01
8.755282592773437500e+01
6.574663543701171875e+01
1.118886947631835938e+02
7.582617950439453125e+01
3.465529632568359375e+01
1.166176223754882812e+02
4.760198211669921875e+01
1.025364532470703125e+02
1.156797485351562500e+02
1.006926727294921875e+02
1.157572860717773438e+02
9.358805847167968750e+01
9.383839416503906250e+01
9.910733032226562500e+01
1.000910263061523438e+02
1.063035659790039062e+02
8.705036163330078125e+01
7.225714111328125000e+01
3.198191261291503906e+01
8.545555877685546875e+01
1.201235008239746094e+01
4.257852935791015625e+01
9.598295593261718750e+01
7.786778259277343750e+01
1.066615219116210938e+02
9.975333404541015625e+01
1.007984466552734375e+02
1.139627914428710938e+02
1.206890716552734375e+02
7.473222351074218750e+01
9.844822692871093750e+01
1.069150390625000000e+02
7.489743804931640625e+01
1.137395172119140625e+02
2.882901000976562500e+01
7.650710296630859375e+01
2.592890548706054688e+01
1.011295547485351562e+02
1.014974212646484375e+02
9.197432708740234375e+01
4.097700595855712891e+00
8.211072540283203125e+01
1.045666122436523438e+02
1.031814727783203125e+02
1.126677017211914062e+02
3.231746292114257812e+01
6.461958312988281250e+01
1.143710327148437500e+02
9.971475982666015625e+01
8.474690246582031250e+01
9.974370574951171875e+01
4.057765579223632812e+01
1.101267166137695312e+02
9.525435638427734375e+01
9.330038070678710938e+00
9.795599365234375000e+01
1.228282852172851562e+02
7.295990753173828125e+01
1.164044952392578125e+02
1.144025611877441406e+01
7.699769592285156250e+01
2.961108779907226562e+01
7.881639099121093750e+01
5.650960922241210938e+01
8.826699829101562500e+01
5.240911483764648438e+01
9.216210937500000000e+01
1.024965515136718750e+02
9.476422119140625000e+01
