6.348915636570255629e+03
4.899740156757518889e+03
4.021880533417499919e+03
3.357318341816778684e+03
2.858274840705095812e+03
2.492701203906604860e+03
2.232490963326432393e+03
2.052559759184872746e+03
1.932441018846648376e+03
1.855364679244149556e+03
1.807782462977824480e+03
1.779687582276431158e+03
1.763768601176641596e+03
1.755215872907930589e+03
1.750897411368802523e+03
1.748724299142778364e+03
1.747693149801463278e+03
1.747270755840866059e+03
1.747112747065938720e+03
1.747038505993121817e+03
1.747018485386932525e+03
1.747009300036324930e+03
1.746992216531283020e+03
1.746988722614245489e+03
1.747017190906527276e+03
1.747011478858950568e+03
1.747007634781112529e+03
1.747008258391139634e+03
1.747027022586148178e+03
1.747002183497422720e+03
1.746996631932729542e+03
1.747004340786928651e+03
1.746994790596129405e+03
1.747021449955814887e+03
1.747013905493369521e+03
1.747010899242199002e+03
1.747022638223242438e+03
1.747035662089471543e+03
1.747013609972233098e+03
1.747020974864360142e+03
1.747015210989921115e+03
1.746995940094433308e+03
1.747018224520041485e+03
1.747087460443292002e+03
1.747022994706904001e+03
1.747036589703939171e+03
1.747027403360267499e+03
1.747041006375768347e+03
1.747043092669102407e+03
1.747028662718947317e+03
1.747042079635260507e+03
1.747062469703616443e+03
1.747077294954096715e+03
1.747071024249763241e+03
1.747029841333050626e+03
1.747045087183225178e+03
1.747110071021843623e+03
1.747034586228467788e+03
1.748313163913645894e+03
1.747100122894872811e+03
1.747104157229034627e+03
1.747067099464324201e+03
1.747137678713008199e+03
1.747140507628254909e+03
1.747035910408361588e+03
1.747157655465901826e+03
1.747132768522571268e+03
1.747072989943893162e+03
1.747096634212551635e+03
1.747044660609298489e+03
1.747135035289489679e+03
1.747073644521150300e+03
1.747069305469442952e+03
1.747116291758669604e+03
1.747115901254633172e+03
1.747023641630171142e+03
1.747200799235556133e+03
1.747224892760151533e+03
1.747143302565385056e+03
1.747084613169561862e+03
1.747072386438135482e+03
1.746920284494002999e+03
1.747062674847980816e+03
1.747388171090648257e+03
1.747114799370591527e+03
1.747103108341874986e+03
1.747084763373173928e+03
1.747085168287206670e+03
1.747183219808479635e+03
1.747188195266480989e+03
1.747211674480462534e+03
1.747070511376966806e+03
1.747505932840626883e+03
1.747825105170788447e+03
1.747384120360361521e+03
1.747220187257164071e+03
1.747146667370861906e+03
1.747050477562494507e+03
1.747082435474698286e+03
1.747083573824799259e+03
1.747205663549592828e+03
1.747014953873432432e+03
1.747138617446626313e+03
1.747088452976695407e+03
1.747153259347333687e+03
1.747134811435371603e+03
1.747111676075175865e+03
1.747124134599952185e+03
1.747077071081490885e+03
1.747122704727383052e+03
1.747428881924151256e+03
1.746946875601649026e+03
1.747148311544587614e+03
1.747205580177093452e+03
1.747065060896180057e+03
1.747239373934991363e+03
1.747081758307870132e+03
1.747077168879833607e+03
1.747230296012280633e+03
1.747128263444252070e+03
1.747060935913209960e+03
1.747180982741050002e+03
1.747086149096641066e+03
1.747071639917917082e+03
1.747114453250717816e+03
1.747125118232753039e+03
1.746937057626843398e+03
1.738712927508357780e+03
1.651397962767738591e+03
1.563711990443932791e+03
1.386762966424327942e+03
1.248789185993880665e+03
1.162201463587629405e+03
1.077276999135569213e+03
1.027689592658453421e+03
9.935942773857967723e+02
9.894155156395895574e+02
9.557430067291619480e+02
9.502467554160457439e+02
9.423495211032073939e+02
9.314713220562680362e+02
9.256142274989490488e+02
9.145279470867254759e+02
9.079784417262279703e+02
8.943036407006525224e+02
8.945476636079195032e+02
8.891064863318648577e+02
8.909001705516573111e+02
8.870394819626884555e+02
8.712399767434912974e+02
8.603875221205065600e+02
8.577165693180201060e+02
8.554722068303129845e+02
8.531362379840808217e+02
8.419266420043028347e+02
8.415401958253543171e+02
8.353250033090697571e+02
8.284099963191122242e+02
8.314206168126604553e+02
8.230171128294903156e+02
8.144341391786653048e+02
8.165898703448422111e+02
8.173722673855761514e+02
8.129532652333523401e+02
8.077474819099080605e+02
8.030476562933145033e+02
8.085814384975964231e+02
8.029638508125040062e+02
7.951448343247636785e+02
8.055216304637339135e+02
7.960722555939944414e+02
7.978495483596522035e+02
7.892273361564917877e+02
7.776291175798871791e+02
7.818542227237361431e+02
7.840504211044137719e+02
7.782957037797357316e+02
7.780632615257891302e+02
7.801078176467668754e+02
7.679404968606386319e+02
7.788256574135649544e+02
7.650232515500359796e+02
7.692857242854036031e+02
7.660492841263790069e+02
7.582846780142817806e+02
7.555320503411323898e+02
7.518740557754758811e+02
7.691312265195763302e+02
7.544625015339673837e+02
7.541863635554731218e+02
7.517117711655696439e+02
7.437553395401893113e+02
7.429937131200756539e+02
7.403360133069872973e+02
7.413559146767947823e+02
7.354660106876746113e+02
7.417778023991102145e+02
7.337102894397270347e+02
7.359040512698693419e+02
7.267461957186843620e+02
6.971180699296771763e+02
7.062423470042622284e+02
6.963807497774146213e+02
6.974768925660464447e+02
6.938467665156567818e+02
6.941617828449952867e+02
6.971797245633946432e+02
6.888756055264619818e+02
6.841109257297507611e+02
6.910896620242576773e+02
6.888047268931612734e+02
6.928366066752143979e+02
6.846927127208634829e+02
6.884407453137235962e+02
6.907585077875230581e+02
6.868158833967471537e+02
6.826098405197055854e+02
6.799903409687237854e+02
6.825174023636180891e+02
6.911092023765102113e+02
6.851331879196260388e+02
6.803143945378726585e+02
6.837775352560317970e+02
6.752444710142966642e+02
6.824539898834987071e+02
6.844598683775652717e+02
6.798180003149875574e+02
6.747642447926127716e+02
6.816163981545536217e+02
6.724194090543295488e+02
6.788537009340890336e+02
6.755209086939922827e+02
6.756208640058350738e+02
6.755311567226075340e+02
6.818199053624338148e+02
6.767640627948673000e+02
6.723328940520827928e+02
6.810040775174157943e+02
6.706746998164633169e+02
6.738864347944115707e+02
6.727202856946744305e+02
6.754505987799938111e+02
6.664604493488384378e+02
6.747694114463810138e+02
6.677960681714483826e+02
6.678134351470539514e+02
6.664540788522025423e+02
6.701283910877366452e+02
6.718934743243471530e+02
6.726513258666637967e+02
