9.304524230957031250e+01
9.230937194824218750e+01
1.160017089843750000e+02
1.169574737548828125e+02
1.242004871368408203e+01
1.201177215576171875e+02
1.037093963623046875e+02
1.073675155639648438e+01
1.190624923706054688e+02
1.171527786254882812e+02
1.545095539093017578e+01
1.072882766723632812e+02
1.014822463989257812e+02
4.903442764282226562e+01
1.129817962646484375e+02
1.065517959594726562e+02
1.181291656494140625e+02
1.068171005249023438e+02
1.050795364379882812e+02
2.291699028015136719e+01
5.167628479003906250e+01
1.119694213867187500e+02
1.835876083374023438e+01
8.611912536621093750e+01
1.103714523315429688e+02
1.149598922729492188e+02
1.124925384521484375e+02
3.952724075317382812e+01
2.378783226013183594e+01
1.202958602905273438e+02
1.124820327758789062e+02
1.687398338317871094e+01
5.036938858032226562e+01
5.582781982421875000e+01
1.015477981567382812e+02
9.785820007324218750e+01
2.084979248046875000e+01
9.422937011718750000e+01
6.154928970336914062e+01
9.766790008544921875e+01
6.074140167236328125e+01
7.209836578369140625e+01
1.157689437866210938e+02
2.526997947692871094e+01
5.370801162719726562e+01
2.508402824401855469e+01
1.152983245849609375e+02
1.166633071899414062e+02
1.275474700927734375e+02
1.161333694458007812e+02
1.168805541992187500e+02
1.118717575073242188e+02
1.143974533081054688e+02
1.223393707275390625e+02
5.820219039916992188e+01
8.896772003173828125e+01
1.057723541259765625e+02
2.284433937072753906e+01
7.985167694091796875e+01
1.149061813354492188e+02
3.996164321899414062e+01
3.754347229003906250e+01
9.105455780029296875e+01
7.007064056396484375e+01
3.825264358520507812e+01
3.418125534057617188e+01
1.045731353759765625e+02
7.829824829101562500e+01
1.157508697509765625e+02
5.011500167846679688e+01
1.179443435668945312e+02
1.149715881347656250e+02
1.164862289428710938e+02
9.514475250244140625e+01
1.187515945434570312e+02
9.076134490966796875e+01
8.484255218505859375e+01
7.655804443359375000e+01
6.398427581787109375e+01
1.147893905639648438e+02
1.213504638671875000e+02
1.217078628540039062e+02
8.693251037597656250e+01
1.041971359252929688e+02
1.066471176147460938e+02
4.110978698730468750e+01
1.064328613281250000e+02
4.137706756591796875e+01
9.527886199951171875e+01
1.209606399536132812e+02
1.140476684570312500e+02
1.040063400268554688e+02
1.114736022949218750e+02
9.301004791259765625e+01
1.207536849975585938e+02
7.066600036621093750e+01
1.536509132385253906e+01
2.545078086853027344e+01
1.670886230468750000e+01
1.046591796875000000e+02
1.199579544067382812e+02
9.317444610595703125e+01
8.448654937744140625e+01
1.167051239013671875e+02
1.184126510620117188e+02
1.124877929687500000e+02
4.198447799682617188e+01
2.407703781127929688e+01
9.985094451904296875e+01
7.396434020996093750e+01
3.576845932006835938e+01
8.993168640136718750e+01
9.063278961181640625e+01
1.176436462402343750e+02
3.888871002197265625e+01
7.459099578857421875e+01
8.832880401611328125e+01
9.988258361816406250e+01
1.163016281127929688e+02
4.950143432617187500e+01
3.722984313964843750e+01
1.762039947509765625e+01
1.053083038330078125e+02
1.071713790893554688e+02
1.200230484008789062e+02
1.022004241943359375e+02
9.800871276855468750e+01
9.420227813720703125e+01
1.146354827880859375e+02
3.758020782470703125e+01
8.326425552368164062e+00
9.900521850585937500e+01
8.969361877441406250e+01
1.102148818969726562e+02
1.093354415893554688e+02
1.100159835815429688e+02
1.177365646362304688e+02
2.987218475341796875e+01
8.086318969726562500e+01
8.628419494628906250e+01
1.099854278564453125e+02
6.490222167968750000e+01
1.199145355224609375e+02
9.817575836181640625e+01
3.709609222412109375e+01
1.924556159973144531e+01
1.222129211425781250e+02
4.093518829345703125e+01
6.624131774902343750e+01
2.733391189575195312e+01
1.167661895751953125e+02
5.942689132690429688e+01
8.308240509033203125e+01
9.409471130371093750e+01
1.208700561523437500e+02
7.740000915527343750e+01
9.389460754394531250e+01
1.174317245483398438e+02
1.184662704467773438e+02
1.166530075073242188e+02
7.166579437255859375e+01
1.174458084106445312e+02
1.150996398925781250e+02
7.707024383544921875e+01
1.110041809082031250e+02
5.206850814819335938e+01
7.514358520507812500e+01
5.493188476562500000e+01
5.528656768798828125e+01
9.101926422119140625e+01
1.072545852661132812e+02
1.994141387939453125e+01
3.557991027832031250e+01
1.479563522338867188e+01
1.188689804077148438e+02
1.002474746704101562e+02
6.841543579101562500e+01
8.314189910888671875e+01
1.098288497924804688e+02
7.808143615722656250e+01
8.243021392822265625e+01
1.054186935424804688e+02
1.094038543701171875e+02
1.187637100219726562e+02
3.342739486694335938e+01
9.377162170410156250e+01
4.570956802368164062e+01
1.146376571655273438e+02
1.030401153564453125e+02
3.062977409362792969e+01
5.683664703369140625e+01
9.044995117187500000e+01
1.125071258544921875e+02
1.147730102539062500e+02
1.619851684570312500e+01
1.196259078979492188e+02
1.193567123413085938e+02
9.814484405517578125e+01
1.008308486938476562e+02
6.414535522460937500e+01
6.926051330566406250e+01
1.139047241210937500e+02
1.117727127075195312e+02
9.228536224365234375e+01
2.881740760803222656e+01
1.174948348999023438e+02
1.030383911132812500e+02
5.498076629638671875e+01
7.383412933349609375e+01
1.155069503784179688e+02
8.127947235107421875e+01
9.315594482421875000e+01
1.144863815307617188e+02
7.874473571777343750e+01
5.514687728881835938e+01
5.757768249511718750e+01
1.178404617309570312e+02
1.176053237915039062e+02
1.220358963012695312e+02
1.202165603637695312e+02
9.747018432617187500e+01
1.094497528076171875e+02
1.134910507202148438e+02
9.970580291748046875e+01
9.880712127685546875e+01
2.783079147338867188e+01
1.214237213134765625e+02
9.346280670166015625e+01
1.625454711914062500e+01
3.498076629638671875e+01
1.113437271118164062e+02
7.183971405029296875e+01
1.161995468139648438e+02
4.066945648193359375e+01
1.114038085937500000e+02
1.001311950683593750e+02
3.076161003112792969e+01
